
---------- ACETATE.CML

---------- ACETICACID.CML

---------- BENZENE.CML

---------- CMLALL.XSD
            <h:div class="description">This is the base for extending the transform3 element.
         <h:p>It may be better to use transform3 to hold the symmetry as they have fixed shape and
            <h:div class="curation">2005-11-03 PMR. Added transform3 as children. </h:div>
            <xsd:element ref="transform3" minOccurs="0" maxOccurs="unbounded"/>
</xsd:element><xsd:element name="transform3" id="el.transform3">

---------- ESTRON.CML

---------- LIST.CML

---------- LIST2.CML

---------- LONG4LINES.CML

---------- METHANOL1.CML

---------- METHANOL2.CML

---------- NACL.CML
      <transform3>1.000000000000e0 0.000000000000e0 0.000000000000e0 0.000000000000e0 0.000000000000e0 1.000000000000e0 0.000000000000e0 0.000000000000e0 0.000000000000e0 0.000000000000e0 1.000000000000e0 0.000000000000e0 0.000000000000e0 0.000000000000e0 0.000000000000e0 1.000000000000e0</transform3>
      <transform3>1.000000000000e0 0.000000000000e0 0.000000000000e0 0.000000000000e0 0.000000000000e0 1.000000000000e0 0.000000000000e0 5.000000000000e-1 0.000000000000e0 0.000000000000e0 1.000000000000e0 5.000000000000e-1 0.000000000000e0 0.000000000000e0 0.000000000000e0 1.000000000000e0</transform3>
      <transform3>1.000000000000e0 0.000000000000e0 0.000000000000e0 5.000000000000e-1 0.000000000000e0 1.000000000000e0 0.000000000000e0 0.000000000000e0 0.000000000000e0 0.000000000000e0 1.000000000000e0 5.000000000000e-1 0.000000000000e0 0.000000000000e0 0.000000000000e0 1.000000000000e0</transform3>
      <transform3>1.000000000000e0 0.000000000000e0 0.000000000000e0 5.000000000000e-1 0.000000000000e0 1.000000000000e0 0.000000000000e0 5.000000000000e-1 0.000000000000e0 0.000000000000e0 1.000000000000e0 0.000000000000e0 0.000000000000e0 0.000000000000e0 0.000000000000e0 1.000000000000e0</transform3>
      <transform3>-1.000000000000e0 0.000000000000e0 0.000000000000e0 0.000000000000e0 0.000000000000e0 -1.000000000000e0 -1.000000000000e-15 0.000000000000e0 0.000000000000e0 -1.000000000000e-15 1.000000000000e0 0.000000000000e0 0.000000000000e0 0.000000000000e0 0.000000000000e0 1.000000000000e0</transform3>
      <transform3>-1.000000000000e0 0.000000000000e0 0.000000000000e0 0.000000000000e0 0.000000000000e0 -1.000000000000e0 -1.000000000000e-15 5.000000000000e-1 0.000000000000e0 -1.000000000000e-15 1.000000000000e0 5.000000000000e-1 0.000000000000e0 0.000000000000e0 0.000000000000e0 1.000000000000e0</transform3>
      <transform3>-1.000000000000e0 0.000000000000e0 0.000000000000e0 5.000000000000e-1 0.000000000000e0 -1.000000000000e0 -1.000000000000e-15 0.000000000000e0 0.000000000000e0 -1.000000000000e-15 1.000000000000e0 5.000000000000e-1 0.000000000000e0 0.000000000000e0 0.000000000000e0 1.000000000000e0</transform3>
      <transform3>-1.000000000000e0 0.000000000000e0 0.000000000000e0 5.000000000000e-1 0.000000000000e0 -1.000000000000e0 -1.000000000000e-15 5.000000000000e-1 0.000000000000e0 -1.000000000000e-15 1.000000000000e0 0.000000000000e0 0.000000000000e0 0.000000000000e0 0.000000000000e0 1.000000000000e0</transform3>
      <transform3>-1.000000000000e0 -1.000000000000e-15 0.000000000000e0 0.000000000000e0 0.000000000000e0 1.000000000000e0 1.000000000000e-15 0.000000000000e0 0.000000000000e0 1.000000000000e-15 -1.000000000000e0 0.000000000000e0 0.000000000000e0 0.000000000000e0 0.000000000000e0 1.000000000000e0</transform3>
      <transform3>-1.000000000000e0 -1.000000000000e-15 0.000000000000e0 0.000000000000e0 0.000000000000e0 1.000000000000e0 1.000000000000e-15 5.000000000000e-1 0.000000000000e0 1.000000000000e-15 -1.000000000000e0 5.000000000000e-1 0.000000000000e0 0.000000000000e0 0.000000000000e0 1.000000000000e0</transform3>
      <transform3>-1.000000000000e0 -1.000000000000e-15 0.000000000000e0 5.000000000000e-1 0.000000000000e0 1.000000000000e0 1.000000000000e-15 0.000000000000e0 0.000000000000e0 1.000000000000e-15 -1.000000000000e0 5.000000000000e-1 0.000000000000e0 0.000000000000e0 0.000000000000e0 1.000000000000e0</transform3>
      <transform3>-1.000000000000e0 -1.000000000000e-15 0.000000000000e0 5.000000000000e-1 0.000000000000e0 1.000000000000e0 1.000000000000e-15 5.000000000000e-1 0.000000000000e0 1.000000000000e-15 -1.000000000000e0 0.000000000000e0 0.000000000000e0 0.000000000000e0 0.000000000000e0 1.000000000000e0</transform3>
      <transform3>1.000000000000e0 1.000000000000e-15 0.000000000000e0 0.000000000000e0 0.000000000000e0 -1.000000000000e0 0.000000000000e0 0.000000000000e0 0.000000000000e0 0.000000000000e0 -1.000000000000e0 0.000000000000e0 0.000000000000e0 0.000000000000e0 0.000000000000e0 1.000000000000e0</transform3>
      <transform3>1.000000000000e0 1.000000000000e-15 0.000000000000e0 0.000000000000e0 0.000000000000e0 -1.000000000000e0 0.000000000000e0 5.000000000000e-1 0.000000000000e0 0.000000000000e0 -1.000000000000e0 5.000000000000e-1 0.000000000000e0 0.000000000000e0 0.000000000000e0 1.000000000000e0</transform3>
      <transform3>1.000000000000e0 1.000000000000e-15 0.000000000000e0 5.000000000000e-1 0.000000000000e0 -1.000000000000e0 0.000000000000e0 0.000000000000e0 0.000000000000e0 0.000000000000e0 -1.000000000000e0 5.000000000000e-1 0.000000000000e0 0.000000000000e0 0.000000000000e0 1.000000000000e0</transform3>
      <transform3>1.000000000000e0 1.000000000000e-15 0.000000000000e0 5.000000000000e-1 0.000000000000e0 -1.000000000000e0 0.000000000000e0 5.000000000000e-1 0.000000000000e0 0.000000000000e0 -1.000000000000e0 0.000000000000e0 0.000000000000e0 0.000000000000e0 0.000000000000e0 1.000000000000e0</transform3>
      <transform3>0.000000000000e0 1.000000000000e0 0.000000000000e0 0.000000000000e0 0.000000000000e0 0.000000000000e0 1.000000000000e0 0.000000000000e0 1.000000000000e0 0.000000000000e0 0.000000000000e0 0.000000000000e0 0.000000000000e0 0.000000000000e0 0.000000000000e0 1.000000000000e0</transform3>
      <transform3>0.000000000000e0 1.000000000000e0 0.000000000000e0 0.000000000000e0 0.000000000000e0 0.000000000000e0 1.000000000000e0 5.000000000000e-1 1.000000000000e0 0.000000000000e0 0.000000000000e0 5.000000000000e-1 0.000000000000e0 0.000000000000e0 0.000000000000e0 1.000000000000e0</transform3>
      <transform3>0.000000000000e0 1.000000000000e0 0.000000000000e0 5.000000000000e-1 0.000000000000e0 0.000000000000e0 1.000000000000e0 0.000000000000e0 1.000000000000e0 0.000000000000e0 0.000000000000e0 5.000000000000e-1 0.000000000000e0 0.000000000000e0 0.000000000000e0 1.000000000000e0</transform3>
      <transform3>0.000000000000e0 1.000000000000e0 0.000000000000e0 5.000000000000e-1 0.000000000000e0 0.000000000000e0 1.000000000000e0 5.000000000000e-1 1.000000000000e0 0.000000000000e0 0.000000000000e0 0.000000000000e0 0.000000000000e0 0.000000000000e0 0.000000000000e0 1.000000000000e0</transform3>
      <transform3>0.000000000000e0 -1.000000000000e0 0.000000000000e0 0.000000000000e0 0.000000000000e0 0.000000000000e0 -1.000000000000e0 0.000000000000e0 1.000000000000e0 0.000000000000e0 0.000000000000e0 0.000000000000e0 0.000000000000e0 0.000000000000e0 0.000000000000e0 1.000000000000e0</transform3>
      <transform3>0.000000000000e0 -1.000000000000e0 0.000000000000e0 0.000000000000e0 0.000000000000e0 0.000000000000e0 -1.000000000000e0 5.000000000000e-1 1.000000000000e0 0.000000000000e0 0.000000000000e0 5.000000000000e-1 0.000000000000e0 0.000000000000e0 0.000000000000e0 1.000000000000e0</transform3>
      <transform3>0.000000000000e0 -1.000000000000e0 0.000000000000e0 5.000000000000e-1 0.000000000000e0 0.000000000000e0 -1.000000000000e0 0.000000000000e0 1.000000000000e0 0.000000000000e0 0.000000000000e0 5.000000000000e-1 0.000000000000e0 0.000000000000e0 0.000000000000e0 1.000000000000e0</transform3>
      <transform3>0.000000000000e0 -1.000000000000e0 0.000000000000e0 5.000000000000e-1 0.000000000000e0 0.000000000000e0 -1.000000000000e0 5.000000000000e-1 1.000000000000e0 0.000000000000e0 0.000000000000e0 0.000000000000e0 0.000000000000e0 0.000000000000e0 0.000000000000e0 1.000000000000e0</transform3>
      <transform3>0.000000000000e0 -1.000000000000e0 -1.000000000000e-15 0.000000000000e0 0.000000000000e0 -1.000000000000e-15 1.000000000000e0 0.000000000000e0 -1.000000000000e0 0.000000000000e0 0.000000000000e0 0.000000000000e0 0.000000000000e0 0.000000000000e0 0.000000000000e0 1.000000000000e0</transform3>
      <transform3>0.000000000000e0 -1.000000000000e0 -1.000000000000e-15 0.000000000000e0 0.000000000000e0 -1.000000000000e-15 1.000000000000e0 5.000000000000e-1 -1.000000000000e0 0.000000000000e0 0.000000000000e0 5.000000000000e-1 0.000000000000e0 0.000000000000e0 0.000000000000e0 1.000000000000e0</transform3>
      <transform3>0.000000000000e0 -1.000000000000e0 -1.000000000000e-15 5.000000000000e-1 0.000000000000e0 -1.000000000000e-15 1.000000000000e0 0.000000000000e0 -1.000000000000e0 0.000000000000e0 0.000000000000e0 5.000000000000e-1 0.000000000000e0 0.000000000000e0 0.000000000000e0 1.000000000000e0</transform3>
      <transform3>0.000000000000e0 -1.000000000000e0 -1.000000000000e-15 5.000000000000e-1 0.000000000000e0 -1.000000000000e-15 1.000000000000e0 5.000000000000e-1 -1.000000000000e0 0.000000000000e0 0.000000000000e0 0.000000000000e0 0.000000000000e0 0.000000000000e0 0.000000000000e0 1.000000000000e0</transform3>
      <transform3>0.000000000000e0 1.000000000000e0 1.000000000000e-15 0.000000000000e0 0.000000000000e0 1.000000000000e-15 -1.000000000000e0 0.000000000000e0 -1.000000000000e0 0.000000000000e0 0.000000000000e0 0.000000000000e0 0.000000000000e0 0.000000000000e0 0.000000000000e0 1.000000000000e0</transform3>
      <transform3>0.000000000000e0 1.000000000000e0 1.000000000000e-15 0.000000000000e0 0.000000000000e0 1.000000000000e-15 -1.000000000000e0 5.000000000000e-1 -1.000000000000e0 0.000000000000e0 0.000000000000e0 5.000000000000e-1 0.000000000000e0 0.000000000000e0 0.000000000000e0 1.000000000000e0</transform3>
      <transform3>0.000000000000e0 1.000000000000e0 1.000000000000e-15 5.000000000000e-1 0.000000000000e0 1.000000000000e-15 -1.000000000000e0 0.000000000000e0 -1.000000000000e0 0.000000000000e0 0.000000000000e0 5.000000000000e-1 0.000000000000e0 0.000000000000e0 0.000000000000e0 1.000000000000e0</transform3>
      <transform3>0.000000000000e0 1.000000000000e0 1.000000000000e-15 5.000000000000e-1 0.000000000000e0 1.000000000000e-15 -1.000000000000e0 5.000000000000e-1 -1.000000000000e0 0.000000000000e0 0.000000000000e0 0.000000000000e0 0.000000000000e0 0.000000000000e0 0.000000000000e0 1.000000000000e0</transform3>
      <transform3>0.000000000000e0 0.000000000000e0 1.000000000000e0 0.000000000000e0 1.000000000000e0 0.000000000000e0 0.000000000000e0 0.000000000000e0 0.000000000000e0 1.000000000000e0 0.000000000000e0 0.000000000000e0 0.000000000000e0 0.000000000000e0 0.000000000000e0 1.000000000000e0</transform3>
      <transform3>0.000000000000e0 0.000000000000e0 1.000000000000e0 0.000000000000e0 1.000000000000e0 0.000000000000e0 0.000000000000e0 5.000000000000e-1 0.000000000000e0 1.000000000000e0 0.000000000000e0 5.000000000000e-1 0.000000000000e0 0.000000000000e0 0.000000000000e0 1.000000000000e0</transform3>
      <transform3>0.000000000000e0 0.000000000000e0 1.000000000000e0 5.000000000000e-1 1.000000000000e0 0.000000000000e0 0.000000000000e0 0.000000000000e0 0.000000000000e0 1.000000000000e0 0.000000000000e0 5.000000000000e-1 0.000000000000e0 0.000000000000e0 0.000000000000e0 1.000000000000e0</transform3>
      <transform3>0.000000000000e0 0.000000000000e0 1.000000000000e0 5.000000000000e-1 1.000000000000e0 0.000000000000e0 0.000000000000e0 5.000000000000e-1 0.000000000000e0 1.000000000000e0 0.000000000000e0 0.000000000000e0 0.000000000000e0 0.000000000000e0 0.000000000000e0 1.000000000000e0</transform3>
      <transform3>0.000000000000e0 0.000000000000e0 -1.000000000000e0 0.000000000000e0 -1.000000000000e0 -1.000000000000e-15 0.000000000000e0 0.000000000000e0 -1.000000000000e-15 1.000000000000e0 0.000000000000e0 0.000000000000e0 0.000000000000e0 0.000000000000e0 0.000000000000e0 1.000000000000e0</transform3>
      <transform3>0.000000000000e0 0.000000000000e0 -1.000000000000e0 0.000000000000e0 -1.000000000000e0 -1.000000000000e-15 0.000000000000e0 5.000000000000e-1 -1.000000000000e-15 1.000000000000e0 0.000000000000e0 5.000000000000e-1 0.000000000000e0 0.000000000000e0 0.000000000000e0 1.000000000000e0</transform3>
      <transform3>0.000000000000e0 0.000000000000e0 -1.000000000000e0 5.000000000000e-1 -1.000000000000e0 -1.000000000000e-15 0.000000000000e0 0.000000000000e0 -1.000000000000e-15 1.000000000000e0 0.000000000000e0 5.000000000000e-1 0.000000000000e0 0.000000000000e0 0.000000000000e0 1.000000000000e0</transform3>
      <transform3>0.000000000000e0 0.000000000000e0 -1.000000000000e0 5.000000000000e-1 -1.000000000000e0 -1.000000000000e-15 0.000000000000e0 5.000000000000e-1 -1.000000000000e-15 1.000000000000e0 0.000000000000e0 0.000000000000e0 0.000000000000e0 0.000000000000e0 0.000000000000e0 1.000000000000e0</transform3>
      <transform3>0.000000000000e0 0.000000000000e0 -1.000000000000e0 0.000000000000e0 1.000000000000e0 1.000000000000e-15 0.000000000000e0 0.000000000000e0 1.000000000000e-15 -1.000000000000e0 0.000000000000e0 0.000000000000e0 0.000000000000e0 0.000000000000e0 0.000000000000e0 1.000000000000e0</transform3>
      <transform3>0.000000000000e0 0.000000000000e0 -1.000000000000e0 0.000000000000e0 1.000000000000e0 1.000000000000e-15 0.000000000000e0 5.000000000000e-1 1.000000000000e-15 -1.000000000000e0 0.000000000000e0 5.000000000000e-1 0.000000000000e0 0.000000000000e0 0.000000000000e0 1.000000000000e0</transform3>
      <transform3>0.000000000000e0 0.000000000000e0 -1.000000000000e0 5.000000000000e-1 1.000000000000e0 1.000000000000e-15 0.000000000000e0 0.000000000000e0 1.000000000000e-15 -1.000000000000e0 0.000000000000e0 5.000000000000e-1 0.000000000000e0 0.000000000000e0 0.000000000000e0 1.000000000000e0</transform3>
      <transform3>0.000000000000e0 0.000000000000e0 -1.000000000000e0 5.000000000000e-1 1.000000000000e0 1.000000000000e-15 0.000000000000e0 5.000000000000e-1 1.000000000000e-15 -1.000000000000e0 0.000000000000e0 0.000000000000e0 0.000000000000e0 0.000000000000e0 0.000000000000e0 1.000000000000e0</transform3>
      <transform3>0.000000000000e0 0.000000000000e0 1.000000000000e0 0.000000000000e0 -1.000000000000e0 0.000000000000e0 0.000000000000e0 0.000000000000e0 0.000000000000e0 -1.000000000000e0 0.000000000000e0 0.000000000000e0 0.000000000000e0 0.000000000000e0 0.000000000000e0 1.000000000000e0</transform3>
      <transform3>0.000000000000e0 0.000000000000e0 1.000000000000e0 0.000000000000e0 -1.000000000000e0 0.000000000000e0 0.000000000000e0 5.000000000000e-1 0.000000000000e0 -1.000000000000e0 0.000000000000e0 5.000000000000e-1 0.000000000000e0 0.000000000000e0 0.000000000000e0 1.000000000000e0</transform3>
      <transform3>0.000000000000e0 0.000000000000e0 1.000000000000e0 5.000000000000e-1 -1.000000000000e0 0.000000000000e0 0.000000000000e0 0.000000000000e0 0.000000000000e0 -1.000000000000e0 0.000000000000e0 5.000000000000e-1 0.000000000000e0 0.000000000000e0 0.000000000000e0 1.000000000000e0</transform3>
      <transform3>0.000000000000e0 0.000000000000e0 1.000000000000e0 5.000000000000e-1 -1.000000000000e0 0.000000000000e0 0.000000000000e0 5.000000000000e-1 0.000000000000e0 -1.000000000000e0 0.000000000000e0 0.000000000000e0 0.000000000000e0 0.000000000000e0 0.000000000000e0 1.000000000000e0</transform3>
      <transform3>-1.000000000000e-15 1.000000000000e0 1.000000000000e-15 0.000000000000e0 1.000000000000e0 1.000000000000e-15 1.000000000000e-15 0.000000000000e0 0.000000000000e0 0.000000000000e0 -1.000000000000e0 0.000000000000e0 0.000000000000e0 0.000000000000e0 0.000000000000e0 1.000000000000e0</transform3>
      <transform3>-1.000000000000e-15 1.000000000000e0 1.000000000000e-15 0.000000000000e0 1.000000000000e0 1.000000000000e-15 1.000000000000e-15 5.000000000000e-1 0.000000000000e0 0.000000000000e0 -1.000000000000e0 5.000000000000e-1 0.000000000000e0 0.000000000000e0 0.000000000000e0 1.000000000000e0</transform3>
      <transform3>-1.000000000000e-15 1.000000000000e0 1.000000000000e-15 5.000000000000e-1 1.000000000000e0 1.000000000000e-15 1.000000000000e-15 0.000000000000e0 0.000000000000e0 0.000000000000e0 -1.000000000000e0 5.000000000000e-1 0.000000000000e0 0.000000000000e0 0.000000000000e0 1.000000000000e0</transform3>
      <transform3>-1.000000000000e-15 1.000000000000e0 1.000000000000e-15 5.000000000000e-1 1.000000000000e0 1.000000000000e-15 1.000000000000e-15 5.000000000000e-1 0.000000000000e0 0.000000000000e0 -1.000000000000e0 0.000000000000e0 0.000000000000e0 0.000000000000e0 0.000000000000e0 1.000000000000e0</transform3>
      <transform3>1.000000000000e-15 -1.000000000000e0 0.000000000000e0 0.000000000000e0 -1.000000000000e0 -1.000000000000e-15 0.000000000000e0 0.000000000000e0 0.000000000000e0 0.000000000000e0 -1.000000000000e0 0.000000000000e0 0.000000000000e0 0.000000000000e0 0.000000000000e0 1.000000000000e0</transform3>
      <transform3>1.000000000000e-15 -1.000000000000e0 0.000000000000e0 0.000000000000e0 -1.000000000000e0 -1.000000000000e-15 0.000000000000e0 5.000000000000e-1 0.000000000000e0 0.000000000000e0 -1.000000000000e0 5.000000000000e-1 0.000000000000e0 0.000000000000e0 0.000000000000e0 1.000000000000e0</transform3>
      <transform3>1.000000000000e-15 -1.000000000000e0 0.000000000000e0 5.000000000000e-1 -1.000000000000e0 -1.000000000000e-15 0.000000000000e0 0.000000000000e0 0.000000000000e0 0.000000000000e0 -1.000000000000e0 5.000000000000e-1 0.000000000000e0 0.000000000000e0 0.000000000000e0 1.000000000000e0</transform3>
      <transform3>1.000000000000e-15 -1.000000000000e0 0.000000000000e0 5.000000000000e-1 -1.000000000000e0 -1.000000000000e-15 0.000000000000e0 5.000000000000e-1 0.000000000000e0 0.000000000000e0 -1.000000000000e0 0.000000000000e0 0.000000000000e0 0.000000000000e0 0.000000000000e0 1.000000000000e0</transform3>
      <transform3>0.000000000000e0 -1.000000000000e0 -1.000000000000e-15 0.000000000000e0 1.000000000000e0 0.000000000000e0 0.000000000000e0 0.000000000000e0 0.000000000000e0 0.000000000000e0 1.000000000000e0 0.000000000000e0 0.000000000000e0 0.000000000000e0 0.000000000000e0 1.000000000000e0</transform3>
      <transform3>0.000000000000e0 -1.000000000000e0 -1.000000000000e-15 0.000000000000e0 1.000000000000e0 0.000000000000e0 0.000000000000e0 5.000000000000e-1 0.000000000000e0 0.000000000000e0 1.000000000000e0 5.000000000000e-1 0.000000000000e0 0.000000000000e0 0.000000000000e0 1.000000000000e0</transform3>
      <transform3>0.000000000000e0 -1.000000000000e0 -1.000000000000e-15 5.000000000000e-1 1.000000000000e0 0.000000000000e0 0.000000000000e0 0.000000000000e0 0.000000000000e0 0.000000000000e0 1.000000000000e0 5.000000000000e-1 0.000000000000e0 0.000000000000e0 0.000000000000e0 1.000000000000e0</transform3>
      <transform3>0.000000000000e0 -1.000000000000e0 -1.000000000000e-15 5.000000000000e-1 1.000000000000e0 0.000000000000e0 0.000000000000e0 5.000000000000e-1 0.000000000000e0 0.000000000000e0 1.000000000000e0 0.000000000000e0 0.000000000000e0 0.000000000000e0 0.000000000000e0 1.000000000000e0</transform3>
      <transform3>0.000000000000e0 1.000000000000e0 0.000000000000e0 0.000000000000e0 -1.000000000000e0 0.000000000000e0 -1.000000000000e-15 0.000000000000e0 0.000000000000e0 0.000000000000e0 1.000000000000e0 0.000000000000e0 0.000000000000e0 0.000000000000e0 0.000000000000e0 1.000000000000e0</transform3>
      <transform3>0.000000000000e0 1.000000000000e0 0.000000000000e0 0.000000000000e0 -1.000000000000e0 0.000000000000e0 -1.000000000000e-15 5.000000000000e-1 0.000000000000e0 0.000000000000e0 1.000000000000e0 5.000000000000e-1 0.000000000000e0 0.000000000000e0 0.000000000000e0 1.000000000000e0</transform3>
      <transform3>0.000000000000e0 1.000000000000e0 0.000000000000e0 5.000000000000e-1 -1.000000000000e0 0.000000000000e0 -1.000000000000e-15 0.000000000000e0 0.000000000000e0 0.000000000000e0 1.000000000000e0 5.000000000000e-1 0.000000000000e0 0.000000000000e0 0.000000000000e0 1.000000000000e0</transform3>
      <transform3>0.000000000000e0 1.000000000000e0 0.000000000000e0 5.000000000000e-1 -1.000000000000e0 0.000000000000e0 -1.000000000000e-15 5.000000000000e-1 0.000000000000e0 0.000000000000e0 1.000000000000e0 0.000000000000e0 0.000000000000e0 0.000000000000e0 0.000000000000e0 1.000000000000e0</transform3>
      <transform3>1.000000000000e0 0.000000000000e0 0.000000000000e0 0.000000000000e0 0.000000000000e0 0.000000000000e0 -1.000000000000e0 0.000000000000e0 0.000000000000e0 1.000000000000e0 0.000000000000e0 0.000000000000e0 0.000000000000e0 0.000000000000e0 0.000000000000e0 1.000000000000e0</transform3>
      <transform3>1.000000000000e0 0.000000000000e0 0.000000000000e0 0.000000000000e0 0.000000000000e0 0.000000000000e0 -1.000000000000e0 5.000000000000e-1 0.000000000000e0 1.000000000000e0 0.000000000000e0 5.000000000000e-1 0.000000000000e0 0.000000000000e0 0.000000000000e0 1.000000000000e0</transform3>
      <transform3>1.000000000000e0 0.000000000000e0 0.000000000000e0 5.000000000000e-1 0.000000000000e0 0.000000000000e0 -1.000000000000e0 0.000000000000e0 0.000000000000e0 1.000000000000e0 0.000000000000e0 5.000000000000e-1 0.000000000000e0 0.000000000000e0 0.000000000000e0 1.000000000000e0</transform3>
      <transform3>1.000000000000e0 0.000000000000e0 0.000000000000e0 5.000000000000e-1 0.000000000000e0 0.000000000000e0 -1.000000000000e0 5.000000000000e-1 0.000000000000e0 1.000000000000e0 0.000000000000e0 0.000000000000e0 0.000000000000e0 0.000000000000e0 0.000000000000e0 1.000000000000e0</transform3>
      <transform3>-1.000000000000e0 0.000000000000e0 0.000000000000e0 0.000000000000e0 0.000000000000e0 -1.000000000000e-15 1.000000000000e0 0.000000000000e0 0.000000000000e0 1.000000000000e0 1.000000000000e-15 0.000000000000e0 0.000000000000e0 0.000000000000e0 0.000000000000e0 1.000000000000e0</transform3>
      <transform3>-1.000000000000e0 0.000000000000e0 0.000000000000e0 0.000000000000e0 0.000000000000e0 -1.000000000000e-15 1.000000000000e0 5.000000000000e-1 0.000000000000e0 1.000000000000e0 1.000000000000e-15 5.000000000000e-1 0.000000000000e0 0.000000000000e0 0.000000000000e0 1.000000000000e0</transform3>
      <transform3>-1.000000000000e0 0.000000000000e0 0.000000000000e0 5.000000000000e-1 0.000000000000e0 -1.000000000000e-15 1.000000000000e0 0.000000000000e0 0.000000000000e0 1.000000000000e0 1.000000000000e-15 5.000000000000e-1 0.000000000000e0 0.000000000000e0 0.000000000000e0 1.000000000000e0</transform3>
      <transform3>-1.000000000000e0 0.000000000000e0 0.000000000000e0 5.000000000000e-1 0.000000000000e0 -1.000000000000e-15 1.000000000000e0 5.000000000000e-1 0.000000000000e0 1.000000000000e0 1.000000000000e-15 0.000000000000e0 0.000000000000e0 0.000000000000e0 0.000000000000e0 1.000000000000e0</transform3>
      <transform3>-1.000000000000e0 0.000000000000e0 0.000000000000e0 0.000000000000e0 0.000000000000e0 1.000000000000e-15 -1.000000000000e0 0.000000000000e0 0.000000000000e0 -1.000000000000e0 -1.000000000000e-15 0.000000000000e0 0.000000000000e0 0.000000000000e0 0.000000000000e0 1.000000000000e0</transform3>
      <transform3>-1.000000000000e0 0.000000000000e0 0.000000000000e0 0.000000000000e0 0.000000000000e0 1.000000000000e-15 -1.000000000000e0 5.000000000000e-1 0.000000000000e0 -1.000000000000e0 -1.000000000000e-15 5.000000000000e-1 0.000000000000e0 0.000000000000e0 0.000000000000e0 1.000000000000e0</transform3>
      <transform3>-1.000000000000e0 0.000000000000e0 0.000000000000e0 5.000000000000e-1 0.000000000000e0 1.000000000000e-15 -1.000000000000e0 0.000000000000e0 0.000000000000e0 -1.000000000000e0 -1.000000000000e-15 5.000000000000e-1 0.000000000000e0 0.000000000000e0 0.000000000000e0 1.000000000000e0</transform3>
      <transform3>-1.000000000000e0 0.000000000000e0 0.000000000000e0 5.000000000000e-1 0.000000000000e0 1.000000000000e-15 -1.000000000000e0 5.000000000000e-1 0.000000000000e0 -1.000000000000e0 -1.000000000000e-15 0.000000000000e0 0.000000000000e0 0.000000000000e0 0.000000000000e0 1.000000000000e0</transform3>
      <transform3>1.000000000000e0 0.000000000000e0 0.000000000000e0 0.000000000000e0 0.000000000000e0 0.000000000000e0 1.000000000000e0 0.000000000000e0 0.000000000000e0 -1.000000000000e0 0.000000000000e0 0.000000000000e0 0.000000000000e0 0.000000000000e0 0.000000000000e0 1.000000000000e0</transform3>
      <transform3>1.000000000000e0 0.000000000000e0 0.000000000000e0 0.000000000000e0 0.000000000000e0 0.000000000000e0 1.000000000000e0 5.000000000000e-1 0.000000000000e0 -1.000000000000e0 0.000000000000e0 5.000000000000e-1 0.000000000000e0 0.000000000000e0 0.000000000000e0 1.000000000000e0</transform3>
      <transform3>1.000000000000e0 0.000000000000e0 0.000000000000e0 5.000000000000e-1 0.000000000000e0 0.000000000000e0 1.000000000000e0 0.000000000000e0 0.000000000000e0 -1.000000000000e0 0.000000000000e0 5.000000000000e-1 0.000000000000e0 0.000000000000e0 0.000000000000e0 1.000000000000e0</transform3>
      <transform3>1.000000000000e0 0.000000000000e0 0.000000000000e0 5.000000000000e-1 0.000000000000e0 0.000000000000e0 1.000000000000e0 5.000000000000e-1 0.000000000000e0 -1.000000000000e0 0.000000000000e0 0.000000000000e0 0.000000000000e0 0.000000000000e0 0.000000000000e0 1.000000000000e0</transform3>
      <transform3>0.000000000000e0 0.000000000000e0 -1.000000000000e0 0.000000000000e0 -1.000000000000e-15 1.000000000000e0 0.000000000000e0 0.000000000000e0 1.000000000000e0 1.000000000000e-15 0.000000000000e0 0.000000000000e0 0.000000000000e0 0.000000000000e0 0.000000000000e0 1.000000000000e0</transform3>
      <transform3>0.000000000000e0 0.000000000000e0 -1.000000000000e0 0.000000000000e0 -1.000000000000e-15 1.000000000000e0 0.000000000000e0 5.000000000000e-1 1.000000000000e0 1.000000000000e-15 0.000000000000e0 5.000000000000e-1 0.000000000000e0 0.000000000000e0 0.000000000000e0 1.000000000000e0</transform3>
      <transform3>0.000000000000e0 0.000000000000e0 -1.000000000000e0 5.000000000000e-1 -1.000000000000e-15 1.000000000000e0 0.000000000000e0 0.000000000000e0 1.000000000000e0 1.000000000000e-15 0.000000000000e0 5.000000000000e-1 0.000000000000e0 0.000000000000e0 0.000000000000e0 1.000000000000e0</transform3>
      <transform3>0.000000000000e0 0.000000000000e0 -1.000000000000e0 5.000000000000e-1 -1.000000000000e-15 1.000000000000e0 0.000000000000e0 5.000000000000e-1 1.000000000000e0 1.000000000000e-15 0.000000000000e0 0.000000000000e0 0.000000000000e0 0.000000000000e0 0.000000000000e0 1.000000000000e0</transform3>
      <transform3>0.000000000000e0 0.000000000000e0 1.000000000000e0 0.000000000000e0 0.000000000000e0 -1.000000000000e0 0.000000000000e0 0.000000000000e0 1.000000000000e0 0.000000000000e0 0.000000000000e0 0.000000000000e0 0.000000000000e0 0.000000000000e0 0.000000000000e0 1.000000000000e0</transform3>
      <transform3>0.000000000000e0 0.000000000000e0 1.000000000000e0 0.000000000000e0 0.000000000000e0 -1.000000000000e0 0.000000000000e0 5.000000000000e-1 1.000000000000e0 0.000000000000e0 0.000000000000e0 5.000000000000e-1 0.000000000000e0 0.000000000000e0 0.000000000000e0 1.000000000000e0</transform3>
      <transform3>0.000000000000e0 0.000000000000e0 1.000000000000e0 5.000000000000e-1 0.000000000000e0 -1.000000000000e0 0.000000000000e0 0.000000000000e0 1.000000000000e0 0.000000000000e0 0.000000000000e0 5.000000000000e-1 0.000000000000e0 0.000000000000e0 0.000000000000e0 1.000000000000e0</transform3>
      <transform3>0.000000000000e0 0.000000000000e0 1.000000000000e0 5.000000000000e-1 0.000000000000e0 -1.000000000000e0 0.000000000000e0 5.000000000000e-1 1.000000000000e0 0.000000000000e0 0.000000000000e0 0.000000000000e0 0.000000000000e0 0.000000000000e0 0.000000000000e0 1.000000000000e0</transform3>
      <transform3>0.000000000000e0 -1.000000000000e-15 1.000000000000e0 0.000000000000e0 0.000000000000e0 1.000000000000e0 1.000000000000e-15 0.000000000000e0 -1.000000000000e0 0.000000000000e0 0.000000000000e0 0.000000000000e0 0.000000000000e0 0.000000000000e0 0.000000000000e0 1.000000000000e0</transform3>
      <transform3>0.000000000000e0 -1.000000000000e-15 1.000000000000e0 0.000000000000e0 0.000000000000e0 1.000000000000e0 1.000000000000e-15 5.000000000000e-1 -1.000000000000e0 0.000000000000e0 0.000000000000e0 5.000000000000e-1 0.000000000000e0 0.000000000000e0 0.000000000000e0 1.000000000000e0</transform3>
      <transform3>0.000000000000e0 -1.000000000000e-15 1.000000000000e0 5.000000000000e-1 0.000000000000e0 1.000000000000e0 1.000000000000e-15 0.000000000000e0 -1.000000000000e0 0.000000000000e0 0.000000000000e0 5.000000000000e-1 0.000000000000e0 0.000000000000e0 0.000000000000e0 1.000000000000e0</transform3>
      <transform3>0.000000000000e0 -1.000000000000e-15 1.000000000000e0 5.000000000000e-1 0.000000000000e0 1.000000000000e0 1.000000000000e-15 5.000000000000e-1 -1.000000000000e0 0.000000000000e0 0.000000000000e0 0.000000000000e0 0.000000000000e0 0.000000000000e0 0.000000000000e0 1.000000000000e0</transform3>
      <transform3>0.000000000000e0 1.000000000000e-15 -1.000000000000e0 0.000000000000e0 1.000000000000e-15 -1.000000000000e0 -1.000000000000e-15 0.000000000000e0 -1.000000000000e0 -1.000000000000e-15 0.000000000000e0 0.000000000000e0 0.000000000000e0 0.000000000000e0 0.000000000000e0 1.000000000000e0</transform3>
      <transform3>0.000000000000e0 1.000000000000e-15 -1.000000000000e0 0.000000000000e0 1.000000000000e-15 -1.000000000000e0 -1.000000000000e-15 5.000000000000e-1 -1.000000000000e0 -1.000000000000e-15 0.000000000000e0 5.000000000000e-1 0.000000000000e0 0.000000000000e0 0.000000000000e0 1.000000000000e0</transform3>
      <transform3>0.000000000000e0 1.000000000000e-15 -1.000000000000e0 5.000000000000e-1 1.000000000000e-15 -1.000000000000e0 -1.000000000000e-15 0.000000000000e0 -1.000000000000e0 -1.000000000000e-15 0.000000000000e0 5.000000000000e-1 0.000000000000e0 0.000000000000e0 0.000000000000e0 1.000000000000e0</transform3>
      <transform3>0.000000000000e0 1.000000000000e-15 -1.000000000000e0 5.000000000000e-1 1.000000000000e-15 -1.000000000000e0 -1.000000000000e-15 5.000000000000e-1 -1.000000000000e0 -1.000000000000e-15 0.000000000000e0 0.000000000000e0 0.000000000000e0 0.000000000000e0 0.000000000000e0 1.000000000000e0</transform3>
      <transform3>-1.000000000000e0 0.000000000000e0 0.000000000000e0 0.000000000000e0 0.000000000000e0 -1.000000000000e0 0.000000000000e0 0.000000000000e0 0.000000000000e0 0.000000000000e0 -1.000000000000e0 0.000000000000e0 0.000000000000e0 0.000000000000e0 0.000000000000e0 1.000000000000e0</transform3>
      <transform3>-1.000000000000e0 0.000000000000e0 0.000000000000e0 0.000000000000e0 0.000000000000e0 -1.000000000000e0 0.000000000000e0 5.000000000000e-1 0.000000000000e0 0.000000000000e0 -1.000000000000e0 5.000000000000e-1 0.000000000000e0 0.000000000000e0 0.000000000000e0 1.000000000000e0</transform3>
      <transform3>-1.000000000000e0 0.000000000000e0 0.000000000000e0 5.000000000000e-1 0.000000000000e0 -1.000000000000e0 0.000000000000e0 0.000000000000e0 0.000000000000e0 0.000000000000e0 -1.000000000000e0 5.000000000000e-1 0.000000000000e0 0.000000000000e0 0.000000000000e0 1.000000000000e0</transform3>
      <transform3>-1.000000000000e0 0.000000000000e0 0.000000000000e0 5.000000000000e-1 0.000000000000e0 -1.000000000000e0 0.000000000000e0 5.000000000000e-1 0.000000000000e0 0.000000000000e0 -1.000000000000e0 0.000000000000e0 0.000000000000e0 0.000000000000e0 0.000000000000e0 1.000000000000e0</transform3>
      <transform3>1.000000000000e0 0.000000000000e0 0.000000000000e0 0.000000000000e0 0.000000000000e0 1.000000000000e0 1.000000000000e-15 0.000000000000e0 0.000000000000e0 1.000000000000e-15 -1.000000000000e0 0.000000000000e0 0.000000000000e0 0.000000000000e0 0.000000000000e0 1.000000000000e0</transform3>
      <transform3>1.000000000000e0 0.000000000000e0 0.000000000000e0 0.000000000000e0 0.000000000000e0 1.000000000000e0 1.000000000000e-15 5.000000000000e-1 0.000000000000e0 1.000000000000e-15 -1.000000000000e0 5.000000000000e-1 0.000000000000e0 0.000000000000e0 0.000000000000e0 1.000000000000e0</transform3>
      <transform3>1.000000000000e0 0.000000000000e0 0.000000000000e0 5.000000000000e-1 0.000000000000e0 1.000000000000e0 1.000000000000e-15 0.000000000000e0 0.000000000000e0 1.000000000000e-15 -1.000000000000e0 5.000000000000e-1 0.000000000000e0 0.000000000000e0 0.000000000000e0 1.000000000000e0</transform3>
      <transform3>1.000000000000e0 0.000000000000e0 0.000000000000e0 5.000000000000e-1 0.000000000000e0 1.000000000000e0 1.000000000000e-15 5.000000000000e-1 0.000000000000e0 1.000000000000e-15 -1.000000000000e0 0.000000000000e0 0.000000000000e0 0.000000000000e0 0.000000000000e0 1.000000000000e0</transform3>
      <transform3>1.000000000000e0 1.000000000000e-15 0.000000000000e0 0.000000000000e0 0.000000000000e0 -1.000000000000e0 -1.000000000000e-15 0.000000000000e0 0.000000000000e0 -1.000000000000e-15 1.000000000000e0 0.000000000000e0 0.000000000000e0 0.000000000000e0 0.000000000000e0 1.000000000000e0</transform3>
      <transform3>1.000000000000e0 1.000000000000e-15 0.000000000000e0 0.000000000000e0 0.000000000000e0 -1.000000000000e0 -1.000000000000e-15 5.000000000000e-1 0.000000000000e0 -1.000000000000e-15 1.000000000000e0 5.000000000000e-1 0.000000000000e0 0.000000000000e0 0.000000000000e0 1.000000000000e0</transform3>
      <transform3>1.000000000000e0 1.000000000000e-15 0.000000000000e0 5.000000000000e-1 0.000000000000e0 -1.000000000000e0 -1.000000000000e-15 0.000000000000e0 0.000000000000e0 -1.000000000000e-15 1.000000000000e0 5.000000000000e-1 0.000000000000e0 0.000000000000e0 0.000000000000e0 1.000000000000e0</transform3>
      <transform3>1.000000000000e0 1.000000000000e-15 0.000000000000e0 5.000000000000e-1 0.000000000000e0 -1.000000000000e0 -1.000000000000e-15 5.000000000000e-1 0.000000000000e0 -1.000000000000e-15 1.000000000000e0 0.000000000000e0 0.000000000000e0 0.000000000000e0 0.000000000000e0 1.000000000000e0</transform3>
      <transform3>-1.000000000000e0 -1.000000000000e-15 0.000000000000e0 0.000000000000e0 0.000000000000e0 1.000000000000e0 0.000000000000e0 0.000000000000e0 0.000000000000e0 0.000000000000e0 1.000000000000e0 0.000000000000e0 0.000000000000e0 0.000000000000e0 0.000000000000e0 1.000000000000e0</transform3>
      <transform3>-1.000000000000e0 -1.000000000000e-15 0.000000000000e0 0.000000000000e0 0.000000000000e0 1.000000000000e0 0.000000000000e0 5.000000000000e-1 0.000000000000e0 0.000000000000e0 1.000000000000e0 5.000000000000e-1 0.000000000000e0 0.000000000000e0 0.000000000000e0 1.000000000000e0</transform3>
      <transform3>-1.000000000000e0 -1.000000000000e-15 0.000000000000e0 5.000000000000e-1 0.000000000000e0 1.000000000000e0 0.000000000000e0 0.000000000000e0 0.000000000000e0 0.000000000000e0 1.000000000000e0 5.000000000000e-1 0.000000000000e0 0.000000000000e0 0.000000000000e0 1.000000000000e0</transform3>
      <transform3>-1.000000000000e0 -1.000000000000e-15 0.000000000000e0 5.000000000000e-1 0.000000000000e0 1.000000000000e0 0.000000000000e0 5.000000000000e-1 0.000000000000e0 0.000000000000e0 1.000000000000e0 0.000000000000e0 0.000000000000e0 0.000000000000e0 0.000000000000e0 1.000000000000e0</transform3>
      <transform3>0.000000000000e0 -1.000000000000e0 0.000000000000e0 0.000000000000e0 0.000000000000e0 0.000000000000e0 -1.000000000000e0 0.000000000000e0 -1.000000000000e0 0.000000000000e0 0.000000000000e0 0.000000000000e0 0.000000000000e0 0.000000000000e0 0.000000000000e0 1.000000000000e0</transform3>
      <transform3>0.000000000000e0 -1.000000000000e0 0.000000000000e0 0.000000000000e0 0.000000000000e0 0.000000000000e0 -1.000000000000e0 5.000000000000e-1 -1.000000000000e0 0.000000000000e0 0.000000000000e0 5.000000000000e-1 0.000000000000e0 0.000000000000e0 0.000000000000e0 1.000000000000e0</transform3>
      <transform3>0.000000000000e0 -1.000000000000e0 0.000000000000e0 5.000000000000e-1 0.000000000000e0 0.000000000000e0 -1.000000000000e0 0.000000000000e0 -1.000000000000e0 0.000000000000e0 0.000000000000e0 5.000000000000e-1 0.000000000000e0 0.000000000000e0 0.000000000000e0 1.000000000000e0</transform3>
      <transform3>0.000000000000e0 -1.000000000000e0 0.000000000000e0 5.000000000000e-1 0.000000000000e0 0.000000000000e0 -1.000000000000e0 5.000000000000e-1 -1.000000000000e0 0.000000000000e0 0.000000000000e0 0.000000000000e0 0.000000000000e0 0.000000000000e0 0.000000000000e0 1.000000000000e0</transform3>
      <transform3>0.000000000000e0 1.000000000000e0 0.000000000000e0 0.000000000000e0 0.000000000000e0 0.000000000000e0 1.000000000000e0 0.000000000000e0 -1.000000000000e0 0.000000000000e0 0.000000000000e0 0.000000000000e0 0.000000000000e0 0.000000000000e0 0.000000000000e0 1.000000000000e0</transform3>
      <transform3>0.000000000000e0 1.000000000000e0 0.000000000000e0 0.000000000000e0 0.000000000000e0 0.000000000000e0 1.000000000000e0 5.000000000000e-1 -1.000000000000e0 0.000000000000e0 0.000000000000e0 5.000000000000e-1 0.000000000000e0 0.000000000000e0 0.000000000000e0 1.000000000000e0</transform3>
      <transform3>0.000000000000e0 1.000000000000e0 0.000000000000e0 5.000000000000e-1 0.000000000000e0 0.000000000000e0 1.000000000000e0 0.000000000000e0 -1.000000000000e0 0.000000000000e0 0.000000000000e0 5.000000000000e-1 0.000000000000e0 0.000000000000e0 0.000000000000e0 1.000000000000e0</transform3>
      <transform3>0.000000000000e0 1.000000000000e0 0.000000000000e0 5.000000000000e-1 0.000000000000e0 0.000000000000e0 1.000000000000e0 5.000000000000e-1 -1.000000000000e0 0.000000000000e0 0.000000000000e0 0.000000000000e0 0.000000000000e0 0.000000000000e0 0.000000000000e0 1.000000000000e0</transform3>
      <transform3>0.000000000000e0 1.000000000000e0 1.000000000000e-15 0.000000000000e0 0.000000000000e0 1.000000000000e-15 -1.000000000000e0 0.000000000000e0 1.000000000000e0 0.000000000000e0 0.000000000000e0 0.000000000000e0 0.000000000000e0 0.000000000000e0 0.000000000000e0 1.000000000000e0</transform3>
      <transform3>0.000000000000e0 1.000000000000e0 1.000000000000e-15 0.000000000000e0 0.000000000000e0 1.000000000000e-15 -1.000000000000e0 5.000000000000e-1 1.000000000000e0 0.000000000000e0 0.000000000000e0 5.000000000000e-1 0.000000000000e0 0.000000000000e0 0.000000000000e0 1.000000000000e0</transform3>
      <transform3>0.000000000000e0 1.000000000000e0 1.000000000000e-15 5.000000000000e-1 0.000000000000e0 1.000000000000e-15 -1.000000000000e0 0.000000000000e0 1.000000000000e0 0.000000000000e0 0.000000000000e0 5.000000000000e-1 0.000000000000e0 0.000000000000e0 0.000000000000e0 1.000000000000e0</transform3>
      <transform3>0.000000000000e0 1.000000000000e0 1.000000000000e-15 5.000000000000e-1 0.000000000000e0 1.000000000000e-15 -1.000000000000e0 5.000000000000e-1 1.000000000000e0 0.000000000000e0 0.000000000000e0 0.000000000000e0 0.000000000000e0 0.000000000000e0 0.000000000000e0 1.000000000000e0</transform3>
      <transform3>0.000000000000e0 -1.000000000000e0 -1.000000000000e-15 0.000000000000e0 0.000000000000e0 -1.000000000000e-15 1.000000000000e0 0.000000000000e0 1.000000000000e0 0.000000000000e0 0.000000000000e0 0.000000000000e0 0.000000000000e0 0.000000000000e0 0.000000000000e0 1.000000000000e0</transform3>
      <transform3>0.000000000000e0 -1.000000000000e0 -1.000000000000e-15 0.000000000000e0 0.000000000000e0 -1.000000000000e-15 1.000000000000e0 5.000000000000e-1 1.000000000000e0 0.000000000000e0 0.000000000000e0 5.000000000000e-1 0.000000000000e0 0.000000000000e0 0.000000000000e0 1.000000000000e0</transform3>
      <transform3>0.000000000000e0 -1.000000000000e0 -1.000000000000e-15 5.000000000000e-1 0.000000000000e0 -1.000000000000e-15 1.000000000000e0 0.000000000000e0 1.000000000000e0 0.000000000000e0 0.000000000000e0 5.000000000000e-1 0.000000000000e0 0.000000000000e0 0.000000000000e0 1.000000000000e0</transform3>
      <transform3>0.000000000000e0 -1.000000000000e0 -1.000000000000e-15 5.000000000000e-1 0.000000000000e0 -1.000000000000e-15 1.000000000000e0 5.000000000000e-1 1.000000000000e0 0.000000000000e0 0.000000000000e0 0.000000000000e0 0.000000000000e0 0.000000000000e0 0.000000000000e0 1.000000000000e0</transform3>
      <transform3>0.000000000000e0 0.000000000000e0 -1.000000000000e0 0.000000000000e0 -1.000000000000e0 0.000000000000e0 0.000000000000e0 0.000000000000e0 0.000000000000e0 -1.000000000000e0 0.000000000000e0 0.000000000000e0 0.000000000000e0 0.000000000000e0 0.000000000000e0 1.000000000000e0</transform3>
      <transform3>0.000000000000e0 0.000000000000e0 -1.000000000000e0 0.000000000000e0 -1.000000000000e0 0.000000000000e0 0.000000000000e0 5.000000000000e-1 0.000000000000e0 -1.000000000000e0 0.000000000000e0 5.000000000000e-1 0.000000000000e0 0.000000000000e0 0.000000000000e0 1.000000000000e0</transform3>
      <transform3>0.000000000000e0 0.000000000000e0 -1.000000000000e0 5.000000000000e-1 -1.000000000000e0 0.000000000000e0 0.000000000000e0 0.000000000000e0 0.000000000000e0 -1.000000000000e0 0.000000000000e0 5.000000000000e-1 0.000000000000e0 0.000000000000e0 0.000000000000e0 1.000000000000e0</transform3>
      <transform3>0.000000000000e0 0.000000000000e0 -1.000000000000e0 5.000000000000e-1 -1.000000000000e0 0.000000000000e0 0.000000000000e0 5.000000000000e-1 0.000000000000e0 -1.000000000000e0 0.000000000000e0 0.000000000000e0 0.000000000000e0 0.000000000000e0 0.000000000000e0 1.000000000000e0</transform3>
      <transform3>0.000000000000e0 0.000000000000e0 1.000000000000e0 0.000000000000e0 1.000000000000e0 1.000000000000e-15 0.000000000000e0 0.000000000000e0 1.000000000000e-15 -1.000000000000e0 0.000000000000e0 0.000000000000e0 0.000000000000e0 0.000000000000e0 0.000000000000e0 1.000000000000e0</transform3>
      <transform3>0.000000000000e0 0.000000000000e0 1.000000000000e0 0.000000000000e0 1.000000000000e0 1.000000000000e-15 0.000000000000e0 5.000000000000e-1 1.000000000000e-15 -1.000000000000e0 0.000000000000e0 5.000000000000e-1 0.000000000000e0 0.000000000000e0 0.000000000000e0 1.000000000000e0</transform3>
      <transform3>0.000000000000e0 0.000000000000e0 1.000000000000e0 5.000000000000e-1 1.000000000000e0 1.000000000000e-15 0.000000000000e0 0.000000000000e0 1.000000000000e-15 -1.000000000000e0 0.000000000000e0 5.000000000000e-1 0.000000000000e0 0.000000000000e0 0.000000000000e0 1.000000000000e0</transform3>
      <transform3>0.000000000000e0 0.000000000000e0 1.000000000000e0 5.000000000000e-1 1.000000000000e0 1.000000000000e-15 0.000000000000e0 5.000000000000e-1 1.000000000000e-15 -1.000000000000e0 0.000000000000e0 0.000000000000e0 0.000000000000e0 0.000000000000e0 0.000000000000e0 1.000000000000e0</transform3>
      <transform3>0.000000000000e0 0.000000000000e0 1.000000000000e0 0.000000000000e0 -1.000000000000e0 -1.000000000000e-15 0.000000000000e0 0.000000000000e0 -1.000000000000e-15 1.000000000000e0 0.000000000000e0 0.000000000000e0 0.000000000000e0 0.000000000000e0 0.000000000000e0 1.000000000000e0</transform3>
      <transform3>0.000000000000e0 0.000000000000e0 1.000000000000e0 0.000000000000e0 -1.000000000000e0 -1.000000000000e-15 0.000000000000e0 5.000000000000e-1 -1.000000000000e-15 1.000000000000e0 0.000000000000e0 5.000000000000e-1 0.000000000000e0 0.000000000000e0 0.000000000000e0 1.000000000000e0</transform3>
      <transform3>0.000000000000e0 0.000000000000e0 1.000000000000e0 5.000000000000e-1 -1.000000000000e0 -1.000000000000e-15 0.000000000000e0 0.000000000000e0 -1.000000000000e-15 1.000000000000e0 0.000000000000e0 5.000000000000e-1 0.000000000000e0 0.000000000000e0 0.000000000000e0 1.000000000000e0</transform3>
      <transform3>0.000000000000e0 0.000000000000e0 1.000000000000e0 5.000000000000e-1 -1.000000000000e0 -1.000000000000e-15 0.000000000000e0 5.000000000000e-1 -1.000000000000e-15 1.000000000000e0 0.000000000000e0 0.000000000000e0 0.000000000000e0 0.000000000000e0 0.000000000000e0 1.000000000000e0</transform3>
      <transform3>0.000000000000e0 0.000000000000e0 -1.000000000000e0 0.000000000000e0 1.000000000000e0 0.000000000000e0 0.000000000000e0 0.000000000000e0 0.000000000000e0 1.000000000000e0 0.000000000000e0 0.000000000000e0 0.000000000000e0 0.000000000000e0 0.000000000000e0 1.000000000000e0</transform3>
      <transform3>0.000000000000e0 0.000000000000e0 -1.000000000000e0 0.000000000000e0 1.000000000000e0 0.000000000000e0 0.000000000000e0 5.000000000000e-1 0.000000000000e0 1.000000000000e0 0.000000000000e0 5.000000000000e-1 0.000000000000e0 0.000000000000e0 0.000000000000e0 1.000000000000e0</transform3>
      <transform3>0.000000000000e0 0.000000000000e0 -1.000000000000e0 5.000000000000e-1 1.000000000000e0 0.000000000000e0 0.000000000000e0 0.000000000000e0 0.000000000000e0 1.000000000000e0 0.000000000000e0 5.000000000000e-1 0.000000000000e0 0.000000000000e0 0.000000000000e0 1.000000000000e0</transform3>
      <transform3>0.000000000000e0 0.000000000000e0 -1.000000000000e0 5.000000000000e-1 1.000000000000e0 0.000000000000e0 0.000000000000e0 5.000000000000e-1 0.000000000000e0 1.000000000000e0 0.000000000000e0 0.000000000000e0 0.000000000000e0 0.000000000000e0 0.000000000000e0 1.000000000000e0</transform3>
      <transform3>1.000000000000e-15 -1.000000000000e0 -1.000000000000e-15 0.000000000000e0 -1.000000000000e0 -1.000000000000e-15 -1.000000000000e-15 0.000000000000e0 0.000000000000e0 0.000000000000e0 1.000000000000e0 0.000000000000e0 0.000000000000e0 0.000000000000e0 0.000000000000e0 1.000000000000e0</transform3>
      <transform3>1.000000000000e-15 -1.000000000000e0 -1.000000000000e-15 0.000000000000e0 -1.000000000000e0 -1.000000000000e-15 -1.000000000000e-15 5.000000000000e-1 0.000000000000e0 0.000000000000e0 1.000000000000e0 5.000000000000e-1 0.000000000000e0 0.000000000000e0 0.000000000000e0 1.000000000000e0</transform3>
      <transform3>1.000000000000e-15 -1.000000000000e0 -1.000000000000e-15 5.000000000000e-1 -1.000000000000e0 -1.000000000000e-15 -1.000000000000e-15 0.000000000000e0 0.000000000000e0 0.000000000000e0 1.000000000000e0 5.000000000000e-1 0.000000000000e0 0.000000000000e0 0.000000000000e0 1.000000000000e0</transform3>
      <transform3>1.000000000000e-15 -1.000000000000e0 -1.000000000000e-15 5.000000000000e-1 -1.000000000000e0 -1.000000000000e-15 -1.000000000000e-15 5.000000000000e-1 0.000000000000e0 0.000000000000e0 1.000000000000e0 0.000000000000e0 0.000000000000e0 0.000000000000e0 0.000000000000e0 1.000000000000e0</transform3>
      <transform3>-1.000000000000e-15 1.000000000000e0 0.000000000000e0 0.000000000000e0 1.000000000000e0 1.000000000000e-15 0.000000000000e0 0.000000000000e0 0.000000000000e0 0.000000000000e0 1.000000000000e0 0.000000000000e0 0.000000000000e0 0.000000000000e0 0.000000000000e0 1.000000000000e0</transform3>
      <transform3>-1.000000000000e-15 1.000000000000e0 0.000000000000e0 0.000000000000e0 1.000000000000e0 1.000000000000e-15 0.000000000000e0 5.000000000000e-1 0.000000000000e0 0.000000000000e0 1.000000000000e0 5.000000000000e-1 0.000000000000e0 0.000000000000e0 0.000000000000e0 1.000000000000e0</transform3>
      <transform3>-1.000000000000e-15 1.000000000000e0 0.000000000000e0 5.000000000000e-1 1.000000000000e0 1.000000000000e-15 0.000000000000e0 0.000000000000e0 0.000000000000e0 0.000000000000e0 1.000000000000e0 5.000000000000e-1 0.000000000000e0 0.000000000000e0 0.000000000000e0 1.000000000000e0</transform3>
      <transform3>-1.000000000000e-15 1.000000000000e0 0.000000000000e0 5.000000000000e-1 1.000000000000e0 1.000000000000e-15 0.000000000000e0 5.000000000000e-1 0.000000000000e0 0.000000000000e0 1.000000000000e0 0.000000000000e0 0.000000000000e0 0.000000000000e0 0.000000000000e0 1.000000000000e0</transform3>
      <transform3>0.000000000000e0 1.000000000000e0 1.000000000000e-15 0.000000000000e0 -1.000000000000e0 0.000000000000e0 0.000000000000e0 0.000000000000e0 0.000000000000e0 0.000000000000e0 -1.000000000000e0 0.000000000000e0 0.000000000000e0 0.000000000000e0 0.000000000000e0 1.000000000000e0</transform3>
      <transform3>0.000000000000e0 1.000000000000e0 1.000000000000e-15 0.000000000000e0 -1.000000000000e0 0.000000000000e0 0.000000000000e0 5.000000000000e-1 0.000000000000e0 0.000000000000e0 -1.000000000000e0 5.000000000000e-1 0.000000000000e0 0.000000000000e0 0.000000000000e0 1.000000000000e0</transform3>
      <transform3>0.000000000000e0 1.000000000000e0 1.000000000000e-15 5.000000000000e-1 -1.000000000000e0 0.000000000000e0 0.000000000000e0 0.000000000000e0 0.000000000000e0 0.000000000000e0 -1.000000000000e0 5.000000000000e-1 0.000000000000e0 0.000000000000e0 0.000000000000e0 1.000000000000e0</transform3>
      <transform3>0.000000000000e0 1.000000000000e0 1.000000000000e-15 5.000000000000e-1 -1.000000000000e0 0.000000000000e0 0.000000000000e0 5.000000000000e-1 0.000000000000e0 0.000000000000e0 -1.000000000000e0 0.000000000000e0 0.000000000000e0 0.000000000000e0 0.000000000000e0 1.000000000000e0</transform3>
      <transform3>0.000000000000e0 -1.000000000000e0 0.000000000000e0 0.000000000000e0 1.000000000000e0 0.000000000000e0 1.000000000000e-15 0.000000000000e0 0.000000000000e0 0.000000000000e0 -1.000000000000e0 0.000000000000e0 0.000000000000e0 0.000000000000e0 0.000000000000e0 1.000000000000e0</transform3>
      <transform3>0.000000000000e0 -1.000000000000e0 0.000000000000e0 0.000000000000e0 1.000000000000e0 0.000000000000e0 1.000000000000e-15 5.000000000000e-1 0.000000000000e0 0.000000000000e0 -1.000000000000e0 5.000000000000e-1 0.000000000000e0 0.000000000000e0 0.000000000000e0 1.000000000000e0</transform3>
      <transform3>0.000000000000e0 -1.000000000000e0 0.000000000000e0 5.000000000000e-1 1.000000000000e0 0.000000000000e0 1.000000000000e-15 0.000000000000e0 0.000000000000e0 0.000000000000e0 -1.000000000000e0 5.000000000000e-1 0.000000000000e0 0.000000000000e0 0.000000000000e0 1.000000000000e0</transform3>
      <transform3>0.000000000000e0 -1.000000000000e0 0.000000000000e0 5.000000000000e-1 1.000000000000e0 0.000000000000e0 1.000000000000e-15 5.000000000000e-1 0.000000000000e0 0.000000000000e0 -1.000000000000e0 0.000000000000e0 0.000000000000e0 0.000000000000e0 0.000000000000e0 1.000000000000e0</transform3>
      <transform3>-1.000000000000e0 0.000000000000e0 0.000000000000e0 0.000000000000e0 0.000000000000e0 0.000000000000e0 1.000000000000e0 0.000000000000e0 0.000000000000e0 -1.000000000000e0 0.000000000000e0 0.000000000000e0 0.000000000000e0 0.000000000000e0 0.000000000000e0 1.000000000000e0</transform3>
      <transform3>-1.000000000000e0 0.000000000000e0 0.000000000000e0 0.000000000000e0 0.000000000000e0 0.000000000000e0 1.000000000000e0 5.000000000000e-1 0.000000000000e0 -1.000000000000e0 0.000000000000e0 5.000000000000e-1 0.000000000000e0 0.000000000000e0 0.000000000000e0 1.000000000000e0</transform3>
      <transform3>-1.000000000000e0 0.000000000000e0 0.000000000000e0 5.000000000000e-1 0.000000000000e0 0.000000000000e0 1.000000000000e0 0.000000000000e0 0.000000000000e0 -1.000000000000e0 0.000000000000e0 5.000000000000e-1 0.000000000000e0 0.000000000000e0 0.000000000000e0 1.000000000000e0</transform3>
      <transform3>-1.000000000000e0 0.000000000000e0 0.000000000000e0 5.000000000000e-1 0.000000000000e0 0.000000000000e0 1.000000000000e0 5.000000000000e-1 0.000000000000e0 -1.000000000000e0 0.000000000000e0 0.000000000000e0 0.000000000000e0 0.000000000000e0 0.000000000000e0 1.000000000000e0</transform3>
      <transform3>1.000000000000e0 0.000000000000e0 0.000000000000e0 0.000000000000e0 0.000000000000e0 1.000000000000e-15 -1.000000000000e0 0.000000000000e0 0.000000000000e0 -1.000000000000e0 -1.000000000000e-15 0.000000000000e0 0.000000000000e0 0.000000000000e0 0.000000000000e0 1.000000000000e0</transform3>
      <transform3>1.000000000000e0 0.000000000000e0 0.000000000000e0 0.000000000000e0 0.000000000000e0 1.000000000000e-15 -1.000000000000e0 5.000000000000e-1 0.000000000000e0 -1.000000000000e0 -1.000000000000e-15 5.000000000000e-1 0.000000000000e0 0.000000000000e0 0.000000000000e0 1.000000000000e0</transform3>
      <transform3>1.000000000000e0 0.000000000000e0 0.000000000000e0 5.000000000000e-1 0.000000000000e0 1.000000000000e-15 -1.000000000000e0 0.000000000000e0 0.000000000000e0 -1.000000000000e0 -1.000000000000e-15 5.000000000000e-1 0.000000000000e0 0.000000000000e0 0.000000000000e0 1.000000000000e0</transform3>
      <transform3>1.000000000000e0 0.000000000000e0 0.000000000000e0 5.000000000000e-1 0.000000000000e0 1.000000000000e-15 -1.000000000000e0 5.000000000000e-1 0.000000000000e0 -1.000000000000e0 -1.000000000000e-15 0.000000000000e0 0.000000000000e0 0.000000000000e0 0.000000000000e0 1.000000000000e0</transform3>
      <transform3>1.000000000000e0 0.000000000000e0 0.000000000000e0 0.000000000000e0 0.000000000000e0 -1.000000000000e-15 1.000000000000e0 0.000000000000e0 0.000000000000e0 1.000000000000e0 1.000000000000e-15 0.000000000000e0 0.000000000000e0 0.000000000000e0 0.000000000000e0 1.000000000000e0</transform3>
      <transform3>1.000000000000e0 0.000000000000e0 0.000000000000e0 0.000000000000e0 0.000000000000e0 -1.000000000000e-15 1.000000000000e0 5.000000000000e-1 0.000000000000e0 1.000000000000e0 1.000000000000e-15 5.000000000000e-1 0.000000000000e0 0.000000000000e0 0.000000000000e0 1.000000000000e0</transform3>
      <transform3>1.000000000000e0 0.000000000000e0 0.000000000000e0 5.000000000000e-1 0.000000000000e0 -1.000000000000e-15 1.000000000000e0 0.000000000000e0 0.000000000000e0 1.000000000000e0 1.000000000000e-15 5.000000000000e-1 0.000000000000e0 0.000000000000e0 0.000000000000e0 1.000000000000e0</transform3>
      <transform3>1.000000000000e0 0.000000000000e0 0.000000000000e0 5.000000000000e-1 0.000000000000e0 -1.000000000000e-15 1.000000000000e0 5.000000000000e-1 0.000000000000e0 1.000000000000e0 1.000000000000e-15 0.000000000000e0 0.000000000000e0 0.000000000000e0 0.000000000000e0 1.000000000000e0</transform3>
      <transform3>-1.000000000000e0 0.000000000000e0 0.000000000000e0 0.000000000000e0 0.000000000000e0 0.000000000000e0 -1.000000000000e0 0.000000000000e0 0.000000000000e0 1.000000000000e0 0.000000000000e0 0.000000000000e0 0.000000000000e0 0.000000000000e0 0.000000000000e0 1.000000000000e0</transform3>
      <transform3>-1.000000000000e0 0.000000000000e0 0.000000000000e0 0.000000000000e0 0.000000000000e0 0.000000000000e0 -1.000000000000e0 5.000000000000e-1 0.000000000000e0 1.000000000000e0 0.000000000000e0 5.000000000000e-1 0.000000000000e0 0.000000000000e0 0.000000000000e0 1.000000000000e0</transform3>
      <transform3>-1.000000000000e0 0.000000000000e0 0.000000000000e0 5.000000000000e-1 0.000000000000e0 0.000000000000e0 -1.000000000000e0 0.000000000000e0 0.000000000000e0 1.000000000000e0 0.000000000000e0 5.000000000000e-1 0.000000000000e0 0.000000000000e0 0.000000000000e0 1.000000000000e0</transform3>
      <transform3>-1.000000000000e0 0.000000000000e0 0.000000000000e0 5.000000000000e-1 0.000000000000e0 0.000000000000e0 -1.000000000000e0 5.000000000000e-1 0.000000000000e0 1.000000000000e0 0.000000000000e0 0.000000000000e0 0.000000000000e0 0.000000000000e0 0.000000000000e0 1.000000000000e0</transform3>
      <transform3>0.000000000000e0 0.000000000000e0 1.000000000000e0 0.000000000000e0 1.000000000000e-15 -1.000000000000e0 0.000000000000e0 0.000000000000e0 -1.000000000000e0 -1.000000000000e-15 0.000000000000e0 0.000000000000e0 0.000000000000e0 0.000000000000e0 0.000000000000e0 1.000000000000e0</transform3>
      <transform3>0.000000000000e0 0.000000000000e0 1.000000000000e0 0.000000000000e0 1.000000000000e-15 -1.000000000000e0 0.000000000000e0 5.000000000000e-1 -1.000000000000e0 -1.000000000000e-15 0.000000000000e0 5.000000000000e-1 0.000000000000e0 0.000000000000e0 0.000000000000e0 1.000000000000e0</transform3>
      <transform3>0.000000000000e0 0.000000000000e0 1.000000000000e0 5.000000000000e-1 1.000000000000e-15 -1.000000000000e0 0.000000000000e0 0.000000000000e0 -1.000000000000e0 -1.000000000000e-15 0.000000000000e0 5.000000000000e-1 0.000000000000e0 0.000000000000e0 0.000000000000e0 1.000000000000e0</transform3>
      <transform3>0.000000000000e0 0.000000000000e0 1.000000000000e0 5.000000000000e-1 1.000000000000e-15 -1.000000000000e0 0.000000000000e0 5.000000000000e-1 -1.000000000000e0 -1.000000000000e-15 0.000000000000e0 0.000000000000e0 0.000000000000e0 0.000000000000e0 0.000000000000e0 1.000000000000e0</transform3>
      <transform3>0.000000000000e0 0.000000000000e0 -1.000000000000e0 0.000000000000e0 0.000000000000e0 1.000000000000e0 0.000000000000e0 0.000000000000e0 -1.000000000000e0 0.000000000000e0 0.000000000000e0 0.000000000000e0 0.000000000000e0 0.000000000000e0 0.000000000000e0 1.000000000000e0</transform3>
      <transform3>0.000000000000e0 0.000000000000e0 -1.000000000000e0 0.000000000000e0 0.000000000000e0 1.000000000000e0 0.000000000000e0 5.000000000000e-1 -1.000000000000e0 0.000000000000e0 0.000000000000e0 5.000000000000e-1 0.000000000000e0 0.000000000000e0 0.000000000000e0 1.000000000000e0</transform3>
      <transform3>0.000000000000e0 0.000000000000e0 -1.000000000000e0 5.000000000000e-1 0.000000000000e0 1.000000000000e0 0.000000000000e0 0.000000000000e0 -1.000000000000e0 0.000000000000e0 0.000000000000e0 5.000000000000e-1 0.000000000000e0 0.000000000000e0 0.000000000000e0 1.000000000000e0</transform3>
      <transform3>0.000000000000e0 0.000000000000e0 -1.000000000000e0 5.000000000000e-1 0.000000000000e0 1.000000000000e0 0.000000000000e0 5.000000000000e-1 -1.000000000000e0 0.000000000000e0 0.000000000000e0 0.000000000000e0 0.000000000000e0 0.000000000000e0 0.000000000000e0 1.000000000000e0</transform3>
      <transform3>0.000000000000e0 1.000000000000e-15 -1.000000000000e0 0.000000000000e0 0.000000000000e0 -1.000000000000e0 -1.000000000000e-15 0.000000000000e0 1.000000000000e0 0.000000000000e0 0.000000000000e0 0.000000000000e0 0.000000000000e0 0.000000000000e0 0.000000000000e0 1.000000000000e0</transform3>
      <transform3>0.000000000000e0 1.000000000000e-15 -1.000000000000e0 0.000000000000e0 0.000000000000e0 -1.000000000000e0 -1.000000000000e-15 5.000000000000e-1 1.000000000000e0 0.000000000000e0 0.000000000000e0 5.000000000000e-1 0.000000000000e0 0.000000000000e0 0.000000000000e0 1.000000000000e0</transform3>
      <transform3>0.000000000000e0 1.000000000000e-15 -1.000000000000e0 5.000000000000e-1 0.000000000000e0 -1.000000000000e0 -1.000000000000e-15 0.000000000000e0 1.000000000000e0 0.000000000000e0 0.000000000000e0 5.000000000000e-1 0.000000000000e0 0.000000000000e0 0.000000000000e0 1.000000000000e0</transform3>
      <transform3>0.000000000000e0 1.000000000000e-15 -1.000000000000e0 5.000000000000e-1 0.000000000000e0 -1.000000000000e0 -1.000000000000e-15 5.000000000000e-1 1.000000000000e0 0.000000000000e0 0.000000000000e0 0.000000000000e0 0.000000000000e0 0.000000000000e0 0.000000000000e0 1.000000000000e0</transform3>
      <transform3>0.000000000000e0 -1.000000000000e-15 1.000000000000e0 0.000000000000e0 -1.000000000000e-15 1.000000000000e0 1.000000000000e-15 0.000000000000e0 1.000000000000e0 1.000000000000e-15 0.000000000000e0 0.000000000000e0 0.000000000000e0 0.000000000000e0 0.000000000000e0 1.000000000000e0</transform3>
      <transform3>0.000000000000e0 -1.000000000000e-15 1.000000000000e0 0.000000000000e0 -1.000000000000e-15 1.000000000000e0 1.000000000000e-15 5.000000000000e-1 1.000000000000e0 1.000000000000e-15 0.000000000000e0 5.000000000000e-1 0.000000000000e0 0.000000000000e0 0.000000000000e0 1.000000000000e0</transform3>
      <transform3>0.000000000000e0 -1.000000000000e-15 1.000000000000e0 5.000000000000e-1 -1.000000000000e-15 1.000000000000e0 1.000000000000e-15 0.000000000000e0 1.000000000000e0 1.000000000000e-15 0.000000000000e0 5.000000000000e-1 0.000000000000e0 0.000000000000e0 0.000000000000e0 1.000000000000e0</transform3>
      <transform3>0.000000000000e0 -1.000000000000e-15 1.000000000000e0 5.000000000000e-1 -1.000000000000e-15 1.000000000000e0 1.000000000000e-15 5.000000000000e-1 1.000000000000e0 1.000000000000e-15 0.000000000000e0 0.000000000000e0 0.000000000000e0 0.000000000000e0 0.000000000000e0 1.000000000000e0</transform3>

---------- NSC202.CML

---------- NSC244.CML

---------- NSC244A.CML

---------- NSC2582.CML

---------- NSC300.CML

---------- NSC484.CML

---------- T

---------- TIO2_RUTILE_ABBREV.XML
