#Atom Type	Base Atom Type 	Atomic Number 	Atomic Mass 	Van derWaals Radius 	Covalent Radius 	Red	Green	Blue
Ag	Ag	47	107.87	1.27	1.34	190	190	190
Al	Al	13	26.982	1.7	1.18	190	190	190
Ar	Ar	18	39.948	1.91	0.0	255	192	203
HV	HV	18	399.48	1.91	0.0	255	192	203
LT	LT	18	39.948	1.91	0.0	255	192	203
Au	Au	79	196.967	1.37	1.34	218	165	32
B	B	5	10.811	0.795	0.82	0	255	0
Be	Be	4	9.0122	1.3725	0.90	34	139	34
BQ	Bq	99	0.0	1.0	0.0	255	20	147
Br	Br	35	79.904	1.95	1.14	165	42	42
C	C	6	12.011	1.65	0.77	112	128	144
C1	C	6	12.011	1.5	0.77	112	128	144
C2	C	6	12.011	1.5	0.77	112	128	144
C3	C	6	12.011	1.65	0.77	112	128	144
CAR	C	6	12.011	1.5	0.77	112	128	144
CA	C	6	12.011	1.5	0.77	112	128	144
CB	C	6	12.011	1.5	0.77	112	128	144
CARO	C	6	12.011	1.5	0.77	112	128	144
CH2Al	C	6	14.027	1.65	0.77	112	128	144
CH2Ol	C	6	14.027	1.65	0.77	112	128	144
CH3Al	C	6	15.035	1.77	0.77	112	128	144
CT	C	6	15.035	1.77	0.77	112	128	144
CHAL	C	6	13.019	1.67	0.77	112	128	144
CHAR	C	6	13.019	1.58	0.77	112	128	144
CHOL	C	6	13.019	1.67	0.77	112	128	144
Cl	Cl	17	35.453	1.8	0.99	0	255	0
Cd	Cd	48	112.4	1.424	1.48	255	140	0
Se	Se	34	78.96	2.103	1.16	152	251	152
Co	Co	27	58.933	0.88	1.16	165	42	42
Cr	Cr	24	51.996	1.37	1.18	190	190	190
Cs	Cs	55	132.905	1.84	2.35	165	42	42
CSP	C	6	12.011	1.5	0.77	112	128	144
CSP2	C	6	12.011	1.5	0.77	112	128	144
CSP3	C	6	12.011	1.65	0.77	112	128	144
Cu	Cu	29	63.54	0.72	1.17	165	42	42
F	F	9	18.998	1.4	0.72	218	165	32
Fe	Fe	26	55.847	1.456	1.17	255	165	0
Ga	Ga	31	69.72	1.37	1.26	165	42	42
Ge	Ge	32	72.59	2.14	1.225	85	107	47
H	H	1	1.008	1.25	0.32	250	235	215
H3	H	1	1.008	1.25	0.32	250	235	215
HC	H	1	1.008	1.25	0.32	250	235	215
HN	H	1	1.008	1.25	0.32	250	235	215
HO	H	1	1.008	1.25	0.32	250	235	215
HS	H	1	1.008	1.25	0.32	250	235	215
HALI	H	1	1.008	1.25	0.32	250	235	215
HARO	H	1	1.008	1.25	0.32	250	235	215
He	He	2	4.003	1.2	0.31	255	192	203
HHBN	H	1	1.008	1.25	0.32	250	235	215
I	I	53	129.905	2.15	1.33	160	32	240
K	K	19	39.098	1.44	2.03	255	20	147
Li	Li	3	6.941	1.86	1.23	178	34	34
Mg	Mg	12	24.312	0.87	1.36	34	139	34
Mn	Mn	25	54.938	1.37	1.17	190	190	190
Mo	Mo	42	95.94	1.526	1.45	255	127	80
N	N	7	14.007	1.5	0.75	0	191	255
N1	N	7	14.007	1.35	0.75	0	191	255
N2	N	7	14.007	1.35	0.75	0	191	255
N3	N	7	14.007	1.5	0.75	0	191	255
N3+	N	7	14.007	1.5	0.75	0	191	255
Na	Na	11	22.99	1.12	1.54	0	0	255
NAM	N	7	14.007	1.35	0.75	0	191	255
NAR	N	7	14.007	1.35	0.75	0	191	255
NARO	N	7	14.007	1.35	0.75	0	191	255
Ne	Ne	10	20.18	1.736	0.71	255	105	180
Ni	Ni	28	58.71	0.69	1.15	165	42	42
NPL3	N	7	14.007	1.35	0.75	0	191	255
NSP	N	7	14.007	1.35	0.75	0	191	255
NSP2	N	7	14.007	1.35	0.75	0	191	255
NSP3	N	7	14.007	1.5	0.75	0	191	255
NSP3+	N	7	14.007	1.5	0.75	0	191	255
O	O	8	15.999	1.35	0.73	255	0	0
OH	O	8	15.999	1.35	0.73	255	0	0
O2	O	8	15.999	1.35	0.73	255	0	0
O3	O	8	15.999	1.35	0.73	255	0	0
OSP2	O	8	15.999	1.35	0.73	255	0	0
OSP3	O	8	15.999	1.35	0.73	255	0	0
OSP3-	O	8	15.999	1.35	0.73	255	0	0
P	P	15	30.974	1.75	1.06	255	165	0
P(C)	P	15	30.974	1.75	1.06	255	165	0
P(N)	P	15	30.974	1.75	1.06	255	165	0
P(O)	P	15	30.974	1.75	1.06	255	165	0
P(S)	P	15	30.974	1.75	1.06	255	165	0
Rb	Rb	37	85.47	1.58	2.16	165	42	42
S	S	16	32.06	1.85	1.02	255	255	0
Sh	S	16	32.06	1.85	1.02	255	255	0
S2	S	16	32.06	1.85	1.02	255	255	0
S3	S	16	32.06	1.85	1.02	255	255	0
Sc	Sc	21	44.956	1.37	1.44	190	190	190
SDIV	S	16	32.06	1.85	1.02	255	255	0
Si	Si	14	28.086	1.93	1.16	218	165	32
STET	S	16	32.06	1.85	1.02	255	255	0
STRI	S	16	32.06	1.85	1.02	255	255	0
Ti	Ti	22	47.9	1.37	1.32	190	190	190
Tv	Tv	107	0.0	1.0	0.0	255	20	147
V	V	23	50.941	1.37	1.22	190	190	190
W	W	74	183.85	1.534	1.35	64	224	208
X	X	99	0.0	1.0	0.0	255	20	147
XX	XX	99	0.0	1.0	0.0	255	20	147
Zn	Zn	30	65.37	0.74	1.25	165	42	42
1	H	1	1.008	1.25	0.32	192	192	192
3	Li	3	6.941	1.86	1.23	178	34	34
5	B	5	10.811	0.795	0.82	0	255	0
6	C	6	12.011	1.65	0.77	112	128	144
7	N	7	14.007	1.5	0.75	0	191	255
8	O	8	15.999	1.35	0.73	255	0	0
9	F	9	18.998	1.4	0.72	218	165	32
11	Na	11	22.99	1.12	1.54	0	0	255
12	Mg	12	24.312	0.87	1.36	34	139	34
13	Al	13	26.982	1.7	1.18	190	190	190
14	Si	14	28.086	1.93	1.16	218	165	32
15	P	15	30.974	1.75	1.06	255	165	0
16	S	16	32.06	1.85	1.02	255	255	0
17	Cl	17	35.453	1.8	0.99	0	255	0
19	K	19	39.098	1.44	2.03	255	20	147
20	Ca	20	40.08	1.18	1.74	190	190	190
21	Sc	21	44.956	1.37	1.44	190	190	190
22	Ti	22	47.9	1.37	1.32	190	190	190
23	V	23	50.941	1.37	1.22	190	190	190
24	Cr	24	51.996	1.37	1.18	190	190	190
25	Mn	25	54.938	1.37	1.17	190	190	190
26	Fe	26	55.847	1.456	1.17	255	165	0
27	Co	27	58.933	0.88	1.16	165	42	42
28	Ni	28	58.71	0.69	1.15	165	42	42
29	Cu	29	63.54	0.72	1.17	165	42	42
30	Zn	30	65.37	0.74	1.25	165	42	42
31	Ga	31	69.72	1.37	1.26	165	42	42
35	Br	35	79.904	1.95	1.14	165	42	42
37	Rb	37	85.47	1.58	2.16	165	42	42
47	Ag	47	107.87	1.27	1.34	190	190	190
53	I	53	129.905	2.15	1.33	160	32	240
55	Cs	55	132.905	1.84	2.35	165	42	42
79	Au	79	196.967	1.37	1.34	218	165	32
99	XX	99	0.0	1.0	0.0	255	20	147
102	Cb	102	0.0	1.7	1.7	255	20	147
Lone	LP	106	0.0	1.0	0.0	255	20	147
LP	LP	0	0.0	1.0	0.0	255	20	147
PD      PD      0       0.0     0.0     0.0     0       0       0
unknown	unknown	0	0.0	1.0	0.0	255	20	147
